80.7
75.8
76.7
76.5
78.7
78.2
77.3
91.5
79.3
76.9
77.6
79.0
88.8
78.5
77.9
89.2
83.5
77.6
77.8
78.9
78.2
76.4
76.9
80.8
76.6
77.2
77.2
77.5
83.4
77.6
77.8
76.0
76.7
75.7
76.5
76.4
77.1
78.9
76.3
80.9
77.7
77.2
78.7
78.8
78.2
76.7
76.2
79.5
77.9
81.0
80.0
75.8
77.0
77.3
85.7
79.4
79.6
76.6
77.0
79.2
76.7
79.0
76.1
77.2
80.2
79.8
77.5
89.2
77.6
79.9
76.5
82.8
87.4
78.3
78.4
77.4
76.8
76.0
84.1
82.3
77.5
78.0
76.8
81.6
79.0
77.6
79.9
79.7
80.7
84.5
77.5
77.5
77.9
86.4
76.8
77.4
79.9
78.0
77.5
79.0
77.3
77.9
79.2
78.8
77.9
78.2
78.5
78.8
77.2
77.3
76.1
76.2
80.2
78.9
76.0
76.6
77.2
83.6
76.1
78.9
76.9
77.5
79.5
76.4
76.0
76.4
76.8
80.8
76.8
79.5
77.2
79.0
78.4
75.9
78.0
78.0
77.7
81.6
77.3
77.6
76.1
76.1
81.0
77.5
78.2
76.6
77.0
84.3
76.1
79.7
77.3
79.7
78.6
76.8
76.6
79.4
79.8
77.6
76.7
76.9
76.4
82.6
77.2
76.5
78.0
79.7
80.6
77.4
77.2
76.2
81.3
80.6
77.5
77.0
80.4
77.7
79.6
76.5
77.6
77.1
80.3
77.5
76.7
77.9
77.6
78.6
79.9
76.8
78.0
78.4
77.4
76.3
77.5
76.6
78.1
77.2
76.7
77.6
80.8
78.0
77.7
81.7
76.4
79.0
77.9
78.9
76.5
77.7
76.8
79.9
77.6
76.8
76.9
76.4
78.5
79.7
76.7
76.5
78.0
81.8
77.7
78.6
77.8
80.0
76.4
76.4
77.5
77.2
76.6
79.9
78.6
76.6
77.4
80.7
87.3
80.5
77.8
77.3
77.2
78.6
77.8
77.5
77.0
87.5
79.2
76.6
77.6
80.9
78.1
75.6
76.7
77.8
80.5
77.8
77.5
76.9
77.0
77.6
81.4
77.6
75.8
76.6
82.5
83.2
77.2
78.0
76.5
78.7
78.7
76.0
77.0
78.8
86.5
80.5
78.3
77.6
77.9
78.4
79.6
77.3
77.3
79.9
80.0
82.8
81.6
76.0
76.9
81.8
82.5
83.4
77.6
76.5
76.7
78.0
76.5
76.7
76.8
79.5
82.1
76.3
76.4
76.3
80.1
79.9
78.0
76.9
77.4
81.1
79.5
78.1
76.5
76.2
81.4
76.9
77.4
75.7
79.4
78.9
80.8
80.7
77.9
79.2
88.0
77.0
78.5
78.9
76.5
76.8
78.8
77.6
76.8
85.1
78.5
95.5
77.7
80.0
81.1
85.3
80.1
78.0
78.6
76.3
76.5
76.8
76.9
76.9
77.8
79.1
75.9
77.2
79.9
76.1
77.1
75.7
77.0
78.3
79.7
76.8
78.7
76.5
81.7
80.3
76.8
78.7
78.4
82.4
79.3
77.4
76.4
77.1
80.1
78.4
76.1
79.2
81.2
78.0
76.6
76.6
76.8
80.1
77.7
76.3
76.9
77.2
83.4
77.0
79.6
84.6
80.6
81.8
77.5
78.9
80.5
78.8
77.2
78.2
77.8
87.4
82.5
77.7
79.4
79.4
78.8
80.7
77.7
76.7
84.6
76.1
78.6
79.6
81.9
78.3
79.9
80.6
77.1
78.3
77.4
81.6
76.0
76.4
79.6
78.0
76.7
77.8
77.4
77.2
79.1
77.0
78.9
76.6
88.8
79.5
77.5
78.2
78.5
82.8
78.2
77.6
83.2
78.5
81.8
78.9
76.8
95.9
78.5
77.5
82.3
78.7
77.5
84.7
76.3
81.1
98.8
83.0
76.6
76.4
76.2
82.5
78.7
79.8
77.0
77.4
78.7
78.0
76.3
77.0
85.5
76.9
81.8
78.5
76.4
76.7
77.8
76.6
78.5
79.1
76.9
77.5
77.7
78.3
78.0
76.4
79.0
79.6
77.2
77.1
81.3
79.5
78.4
84.6
78.8
83.4
78.8
79.1
77.7
83.2
77.3
81.2
80.0
78.2
80.3
76.4
79.3
77.3
75.9
80.2
79.8
76.0
79.7
84.0
78.4
76.7
80.9
79.9
77.9
79.9
76.4
76.3
81.0
88.1
75.8
77.0
77.9
79.3
76.3
76.7
80.6
79.6
77.6
85.0
81.8
87.0
78.1
77.1
80.0
78.3
76.7
78.4
85.4
76.1
76.4
79.0
82.8
78.0
77.4
77.7
79.4
77.9
76.2
84.6
78.5
79.6
76.7
77.8
77.1
77.1
78.5
77.6
79.4
78.3
77.9
76.7
77.5
78.2
77.8
76.7
77.5
77.2
81.7
78.0
76.4
80.5
77.2
76.9
77.4
81.1
85.1
79.1
76.2
77.7
77.2
77.5
78.7
77.8
76.7
78.4
77.3
80.5
76.0
76.7
84.4
77.9
76.3
77.6
79.3
78.7
77.4
76.6
81.1
77.8
79.8
76.4
77.0
78.3
77.9
77.1
77.4
78.6
79.9
77.8
76.8
81.9
76.4
80.9
101
77.7
76.1
77.2
77.3
82.0
78.4
79.2
81.1
79.4
77.2
77.2
79.1
76.9
78.4
76.2
76.7
76.5
77.4
77.4
77.6
77.8
98.9
83.6
77.3
77.3
77.7
76.9
77.4
78.3
76.8
79.8
80.3
76.0
76.8
80.3
76.4
76.5
77.9
77.4
78.0
77.0
81.7
78.5
76.7
78.2
83.6
75.9
77.3
79.1
77.5
80.3
76.7
77.3
82.5
77.8
76.9
77.2
82.5
78.2
76.2
78.6
81.3
78.1
84.3
76.8
77.2
78.7
76.9
77.3
81.9
76.3
76.6
77.5
76.9
79.1
76.7
77.8
82.6
77.2
77.5
81.0
81.0
83.3
81.7
79.5
78.7
78.6
76.7
77.0
78.3
79.1
77.4
77.9
85.8
78.7
76.6
80.7
76.3
75.8
84.1
80.2
77.8
76.3
77.8
81.6
76.2
76.2
77.2
81.4
77.4
78.1
75.9
77.6
77.6
77.2
77.5
82.5
77.8
76.5
79.5
79.2
77.5
77.3
78.6
78.1
82.5
80.3
77.5
76.6
78.8
79.3
78.0
77.7
78.8
76.4
76.8
77.5
78.1
76.7
77.0
77.9
87.0
77.3
77.0
78.9
81.5
76.5
76.5
77.0
78.1
80.0
79.2
77.1
77.4
78.8
76.5
78.8
80.6
77.3
87.8
80.3
76.6
77.0
77.4
79.5
77.5
77.8
76.8
78.6
77.6
77.6
78.5
79.0
76.6
77.1
77.2
78.5
94.3
76.9
76.6
84.1
84.3
77.6
78.7
76.6
77.0
79.7
83.9
76.4
76.6
78.1
77.7
77.5
78.5
82.6
80.4
81.4
76.7
80.1
80.9
77.6
77.9
77.1
77.7
77.4
83.4
76.2
77.7
81.1
76.8
75.9
80.4
77.1
85.2
85.8
78.3
79.2
77.5
76.2
77.6
77.6
79.0
77.9
77.5
77.9
78.0
77.4
78.8
77.8
76.6
77.9
77.5
76.6
79.6
77.3
77.5
82.6
79.1
79.0
76.7
76.4
77.5
76.6
77.7
77.6
78.6
82.7
76.5
77.4
81.2
80.7
82.7
76.1
77.3
78.6
76.1
77.3
76.9
79.2
77.4
76.8
77.0
78.5
80.6
77.5
77.7
78.1
77.8
77.2
76.9
78.2
77.2
76.7
78.2
85.3
78.2
79.0
77.8
76.3
77.3
76.9
77.1
80.8
85.1
77.2
76.6
75.8
81.2
79.1
77.1
76.0
77.3
77.2
87.1
77.7
80.2
78.0
77.5
77.6
82.3
77.4
87.2
78.6
76.9
81.8
84.3
76.5
76.0
77.1
84.8
80.4
77.0
77.3
79.8
77.4
77.5
77.7
77.5
80.2
78.2
76.9
77.2
76.8
80.9
78.9
78.1
76.7
77.5
78.0
79.5
78.6
77.6
88.4
77.9
77.7
82.8
78.0
76.9
78.1
81.0
77.5
76.9
77.0
80.5
78.2
78.6
86.1
79.7
83.0
76.2
81.1
78.1
76.3
77.0
79.4
80.5
76.7
77.3
76.6
77.2
77.6
84.8
81.5
84.8
76.2
78.8
78.8
77.0
77.6
77.4
78.8
76.9
77.6
76.8
76.3
82.2
79.1
82.5
78.5
77.5
77.9
76.4
76.7
81.4
79.3
79.1
80.7
82.8
77.8
75.9
81.4
80.1
77.2
77.1
77.9
87.8
77.3
77.3
81.1
76.7
76.2
77.0
77.9
76.8
75.9
79.4
81.9
85.4
77.4
77.4
78.3
79.3
78.6
76.4
80.4
80.0
76.7
79.2
76.5
77.6
83.0
98.0
78.8
76.1
77.1
79.5
76.3
78.0
78.8
82.8
78.3
77.4
75.9
77.7
82.6
77.6
77.0
78.0
77.7
76.6
78.9
76.7
77.5
77.4
81.0
79.6
78.8
79.3
81.7
77.7
78.0
76.6
77.1
79.5
76.0
77.3
76.9
77.8
76.8
78.7
83.5
77.3
79.7
87.5
77.9
79.0
76.1
79.0
84.3
79.7
77.2
78.3
76.3
83.6
77.6
77.2
80.2
80.9
77.6
84.4
76.9
75.9
86.3
79.2
77.5
81.3
75.7
79.0
80.0
78.5
80.5
81.0
78.0
78.9
78.5
80.1
76.8
77.1
77.3
77.5
77.7
76.5
83.1
77.5
78.1
80.1
76.2
76.6
76.4
79.0
77.6
77.3
78.5
83.5
78.5
80.0
80.5
77.3
76.8
78.1
81.9
78.7
77.6
79.9
82.5
76.5
79.1
77.5
78.5
76.0
76.6
79.1
77.9
78.4
76.6
82.1
77.7
78.1
76.7
77.7
75.9
77.4
77.2
78.6
79.6
77.4
81.4
76.1
78.3
77.9
78.0
81.5
76.9
78.9
77.8
76.5
76.5
77.1
77.3
82.6
77.6
77.5
77.6
77.3
77.8
76.6
81.9
79.6
77.2
78.9
86.3
77.6
77.1
77.7
78.6
76.6
89.4
81.2
83.9
76.6
80.5
76.4
76.8
81.6
78.0
77.2
79.1
79.3
77.0
76.6
79.3
77.4
84.3
78.1
77.1
82.2
78.9
76.1
80.4
77.5
77.0
83.4
78.9
77.3
77.0
78.1
76.7
78.6
77.6
76.1
77.8
80.1
78.9
77.8
76.6
76.6
76.4
85.3
76.6
79.2
78.1
76.3
86.8
80.9
76.4
77.2
77.6
82.3
81.1
80.6
77.0
83.9
77.8
79.9
76.3
78.0
77.9
77.0
80.0
83.1
77.0
77.6
79.9
84.5
76.5
76.4
83.0
82.0
77.2
79.5
77.0
77.5
77.9
77.4
78.4
77.6
77.6
77.8
77.3
77.6
77.3
78.1
77.0
78.7
77.0
75.8
76.7
76.4
76.8
85.8
78.1
76.1
76.8
77.8
77.6
76.8
77.9
85.6
85.2
78.1
76.9
76.9
77.7
78.9
78.7
79.8
77.0
78.1
76.2
76.8
77.8
76.4
77.0
77.4
77.6
78.0
78.0
77.8
77.0
76.6
77.2
80.4
77.7
78.6
77.7
76.9
77.7
77.7
88.0
76.9
78.0
78.0
76.5
77.4
79.2
77.6
78.2
76.2
77.7
78.0
76.9
77.5
78.1
76.4
79.8
77.4
79.1
76.9
77.5
91.2
96.9
76.7
78.2
78.8
76.9
78.5
77.4
79.7
78.4
77.6
77.5
77.4
85.5
77.8
78.0
76.8
78.2
77.7
77.0
77.2
79.4
77.2
76.1
77.8
77.8
76.0
76.7
76.9
76.4
77.0
77.7
77.0
77.0
78.4
77.0
78.4
76.0
77.0
77.8
76.0
76.7
78.6
75.7
77.4
82.8
84.7
80.6
76.2
76.7
76.4
76.8
75.8
77.0
77.2
75.9
76.7
77.6
76.6
77.4
77.7
76.1
77.4
76.4
77.2
77.6
77.5
78.7
76.3
77.1
76.5
76.8
77.9
75.5
76.4
76.8
76.1
78.4
77.9
76.7
77.5
77.7
77.7
79.6
76.2
83.2
77.3
88.0
78.5
76.8
78.2
85.4
76.2
78.3
77.2
77.3
76.8
77.1
76.0
77.1
76.6
76.3
77.0
76.2
76.8
78.0
75.8
75.8
78.2
79.7
80.1
77.7
78.3
76.8
77.0
76.5
76.9
75.4
76.3
80.8
76.8
78.0
76.9
78.3
76.5
76.0
78.8
76.6
83.1
77.5
75.6
77.9
76.9
75.9
76.7
78.6
75.6
84.2
80.2
76.8
76.0
78.2
77.4
84.8
77.5
76.4
77.2
77.6
77.0
77.2
77.1
76.9
77.3
85.2
76.8
77.4
76.8
76.7
76.0
76.1
75.8
77.0
77.0
77.7
76.2
75.8
86.8
77.8
78.0
77.4
77.0
78.1
77.0
77.1
78.0
77.1
76.4
76.3
77.4
76.9
77.5
76.5
76.5
75.6
77.9
77.7
76.2
80.5
78.6
77.2
77.2
76.4
75.4
75.3
77.3
76.3
76.3
75.8
76.8
78.0
78.4
76.7
78.4
76.8
77.4
84.7
84.9
76.5
75.8
76.0
77.7
75.9
76.1
75.8
76.4
77.6
76.6
76.4
76.2
77.4
77.4
76.5
75.8
75.8
78.3
75.8
76.1
77.4
76.9
75.9
75.2
79.1
77.8
77.4
76.6
77.3
77.2
76.4
75.9
77.4
78.6
78.5
76.3
80.1
77.2
76.0
76.0
75.5
77.8
77.0
77.3
76.5
77.8
77.6
76.4
79.8
80.1
78.0
77.9
77.2
76.2
77.7
78.0
78.5
77.2
76.8
76.8
83.2
78.5
76.5
77.7
75.6
77.1
77.5
76.8
76.5
75.9
75.8
76.2
77.8
85.9
78.3
77.7
78.2
77.0
77.1
77.5
79.4
78.1
77.6
76.7
77.0
77.4
77.0
76.6
77.7
79.1
76.8
77.8
77.6
76.9
76.3
77.6
76.7
76.1
75.6
77.9
77.0
88.1
78.3
76.1
76.5
81.2
76.9
77.3
77.0
77.9
78.7
77.2
78.5
76.4
76.7
75.8
76.9
76.8
77.2
78.0
76.1
78.9
76.1
84.7
80.2
78.6
77.7
77.7
76.9
77.7
76.5
77.1
77.9
76.9
81.3
76.6
78.0
78.0
76.6
76.9
76.2
77.7
77.8
76.9
77.4
76.5
77.5
78.0
77.3
76.4
78.4
75.9
82.9
78.1
77.1
77.2
79.1
77.2
76.9
79.4
76.9
77.2
78.1
75.8
76.8
78.1
79.0
76.7
77.7
76.4
77.0
85.5
78.6
77.9
77.2
77.7
80.5
77.1
77.3
79.9
77.0
77.5
76.8
77.2
77.5
76.0
78.3
78.1
76.3
76.7
76.8
78.1
77.9
77.0
77.4
77.3
79.1
77.7
76.5
77.4
78.2
76.5
77.2
77.7
77.1
78.2
77.0
78.0
77.9
76.6
77.6
76.2
78.0
78.0
76.6
78.0
77.1
78.0
76.4
77.2
77.9
77.4
78.3
77.5
76.0
76.8
82.9
77.6
79.1
76.1
77.7
85.5
78.3
76.2
78.4
76.9
77.6
76.4
76.4
76.6
77.0
78.0
77.3
85.6
80.1
78.2
77.2
77.4
77.1
78.0
76.8
77.9
77.0
77.4
77.7
75.9
78.2
77.7
77.4
86.8
77.8
76.8
78.4
76.3
77.2
77.7
75.8
79.1
77.5
78.3
76.4
92.6
77.7
77.6
77.4
76.1
77.7
76.7
80.4
80.1
90.4
77.1
77.0
77.6
76.5
77.1
77.5
77.3
77.4
77.7
76.5
77.7
77.8
76.3
77.0
77.9
77.5
78.1
80.9
79.9
77.1
79.0
76.8
77.2
77.1
76.5
77.7
79.2
76.0
77.0
78.3
77.2
77.6
78.0
82.6
78.6
79.0
78.3
87.3
87.1
79.8
76.6
79.0
80.7
77.6
77.1
79.2
78.0
78.4
76.6
78.1
76.4
77.9
77.2
77.8
76.8
78.0
84.6
78.6
75.9
76.8
80.3
78.1
76.3
76.6
77.3
77.7
76.8
77.4
77.5
80.5
81.7
77.2
76.8
75.9
76.6
77.1
77.1
77.7
76.6
76.4
77.2
78.0
75.7
80.7
77.2
78.2
76.9
78.1
78.2
77.3
76.6
76.5
78.0
80.1
79.9
76.3
81.4
79.8
76.0
76.5
77.0
78.5
79.2
76.4
76.6
77.7
77.6
78.6
76.5
76.7
77.4
78.5
78.9
76.8
77.1
77.1
76.3
77.1
77.8
75.9
76.5
76.6
77.3
78.2
76.6
77.4
76.9
76.2
76.9
78.1
79.1
77.2
77.3
76.7
77.1
75.9
76.6
77.0
76.3
76.3
76.1
76.6
78.1
77.5
77.5
77.4
77.5
78.7
77.1
78.5
77.7
75.8
80.1
77.4
75.8
82.3
77.0
76.5
76.1
77.8
77.8
78.0
77.4
78.3
79.1
76.7
78.6
78.3
80.2
76.8
78.3
77.7
76.8
78.6
78.1
84.7
77.5
87.7
78.3
76.2
77.2
76.8
76.0
77.2
77.5
78.2
76.6
76.8
77.0
76.5
76.2
76.6
76.7
77.7
77.3
78.2
86.0
76.7
77.3
77.2
84.9
77.2
77.2
77.7
76.7
85.0
77.9
76.3
76.8
79.1
77.7
78.3
77.5
76.4
76.3
76.9
77.3
76.5
78.2
76.2
86.6
78.0
77.2
77.2
78.1
76.8
77.7
76.0
77.2
79.4
77.2
78.3
75.9
76.5
76.9
86.8
77.1
76.9
77.9
76.5
80.2
77.2
78.8
76.7
77.1
75.9
77.2
77.1
86.5
81.3
78.4
79.0
82.7
79.5
78.4
78.3
76.7
77.6
77.3
77.3
78.8
76.5
76.8
77.6
77.6
77.7
76.4
77.6
76.9
77.3
80.0
76.9
78.4
77.6
77.4
78.2
76.1
76.9
77.3
86.4
76.0
76.5
78.0
91.3
77.5
88.2
76.6
80.4
98.3
89.4
76.6
77.9
77.1
76.4
76.8
77.8
76.3
77.5
79.3
91.3
78.9
78.6
80.1
90.8
78.3
77.6
77.3
78.8
87.0
77.6
78.1
76.0
81.2
77.7
78.6
77.8
76.4
83.5
78.9
78.1
80.9
77.1
77.9
90.7
77.6
77.8
94.6
82.3
78.7
77.6
82.6
80.8
90.9
77.1
77.5
79.5
82.9
79.6
79.9
80.2
79.4
77.8
77.2
90.4
78.6
76.5
78.9
77.3
87.8
76.9
78.5
78.6
78.7
77.3
84.5
77.0
77.5
101
79.0
76.9
77.6
77.2
90.1
81.2
76.9
77.4
77.8
80.7
80.9
75.8
77.4
77.3
80.6
78.0
77.9
77.5
80.5
96.8
77.6
77.8
77.6
79.5
79.6
77.2
77.9
76.8
76.9
79.8
77.3
78.6
76.4
77.8
79.6
76.6
78.3
90.2
78.0
77.4
77.5
76.6
80.1
82.8
77.4
76.8
76.5
80.2
77.8
78.6
80.9
77.9
79.6
79.1
75.9
77.6
79.3
78.1
77.6
78.9
76.3
80.9
77.3
78.0
82.7
77.9
77.1
81.3
76.7
78.7
77.2
78.4
80.7
97.6
78.2
77.2
76.5
80.3
79.0
77.3
76.6
81.4
79.3
82.1
79.0
77.2
77.6
82.4
78.5
76.6
79.0
79.1
77.9
77.2
77.0
77.6
77.1
79.7
77.8
77.8
77.5
79.6
77.7
77.7
76.6
80.3
78.0
77.3
76.7
76.3
77.5
85.0
76.6
77.3
76.8
86.8
79.3
78.5
77.6
79.5
80.4
77.2
77.2
76.7
79.7
80.4
87.6
81.6
77.2
77.7
80.9
78.9
84.4
77.8
77.6
76.7
80.0
79.9
77.7
76.5
87.5
77.5
76.7
78.4
82.1
76.7
78.5
80.9
77.3
77.7
76.4
78.8
79.9
77.5
77.5
84.4
85.0
85.5
78.9
77.5
75.9
84.9
80.6
78.3
77.8
76.7
78.6
81.3
80.2
76.8
77.3
90.7
77.9
79.7
78.6
80.8
83.7
77.0
78.2
81.5
77.9
76.3
83.0
78.1
78.6
82.0
79.1
78.4
97.5
78.4
76.8
77.3
88.9
76.8
86.1
108
98.9
76.7
80.1
85.5
80.0
94.1
88.2
80.0
84.5
79.6
84.2
76.7
81.2
80.1
78.2
84.8
91.5
77.9
79.3
77.7
79.8
82.9
83.2
80.0
77.0
81.7
81.1
77.0
78.1
77.6
95.8
83.4
77.1
77.7
80.2
76.9
77.6
78.5
79.8
78.3
77.8
77.9
78.5
78.3
76.7
77.5
77.5
79.9
78.3
76.9
79.6
77.5
96.5
84.3
77.9
76.7
78.3
76.6
77.2
76.9
77.7
79.2
80.1
80.6
77.2
98.5
76.6
78.3
78.4
82.3
76.6
78.1
88.4
83.9
77.9
78.1
79.0
81.1
80.5
80.5
79.5
82.6
77.6
76.2
76.8
77.4
82.8
78.5
76.7
77.5
86.2
80.1
81.7
80.2
80.0
84.3
78.0
77.9
76.5
78.5
84.0
84.3
76.6
76.4
81.8
78.7
76.2
76.5
76.8
78.8
78.2
79.5
77.4
81.2
80.2
78.5
78.3
76.7
78.1
76.4
77.1
78.5
82.1
81.3
78.1
80.7
77.0
78.7
83.1
77.6
77.9
76.5
80.9
81.4
76.9
77.6
79.9
78.9
79.5
80.0
78.7
76.4
77.3
78.8
80.3
75.9
76.5
79.2
78.6
79.1
78.5
87.3
85.1
78.7
76.7
78.7
80.7
77.7
77.1
77.7
76.4
82.1
79.6
77.2
77.3
78.6
79.8
77.0
77.9
75.9
77.3
84.3
84.1
76.3
76.9
77.4
77.9
83.4
76.1
77.4
78.9
77.7
79.3
76.5
81.3
79.2
79.5
79.8
77.1
77.2
82.0
78.2
76.5
84.4
79.6
80.7
77.7
79.9
78.8
77.4
78.6
79.7
79.6
78.8
85.3
79.0
76.3
78.0
77.0
79.1
82.9
85.6
79.7
80.0
77.2
77.6
76.7
81.6
77.0
83.4
77.9
76.2
79.1
77.1
80.4
80.1
82.8
79.3
79.0
78.5
80.4
80.3
78.1
76.4
94.2
80.8
78.4
80.8
80.3
81.1
77.4
77.9
78.9
82.4
77.9
78.5
78.6
78.7
79.5
78.1
76.0
76.3
78.6
76.7
80.2
79.8
77.0
80.5
79.2
77.7
79.0
77.4
80.0
80.6
77.0
80.0
79.5
80.0
77.1
77.8
80.4
77.7
77.0
78.2
76.6
76.5
83.8
78.5
78.5
79.8
76.8
83.7
78.5
78.5
78.6
81.8
76.0
79.4
80.0
84.4
77.2
76.5
79.0
81.4
81.2
78.1
83.0
85.9
79.5
79.0
79.5
81.9
76.8
77.0
77.7
80.7
77.4
77.9
80.6
77.5
83.2
78.3
79.4
82.4
79.5
78.9
80.3
76.8
77.7
80.0
77.3
77.4
78.0
78.3
76.5
77.1
76.8
82.0
81.6
76.8
80.0
76.2
81.2
81.2
77.3
77.7
77.5
78.8
80.5
81.2
77.2
81.7
80.3
80.8
80.8
76.4
76.9
79.4
78.4
76.3
80.0
80.3
77.6
76.7
87.7
80.1
80.0
76.4
78.9
85.6
78.0
76.3
78.5
79.9
79.9
77.3
78.2
81.4
87.2
78.0
83.2
80.1
77.6
77.7
81.2
78.9
78.1
78.0
83.8
78.1
80.7
80.2
79.8
77.4
77.1
79.6
76.6
81.0
77.7
77.1
79.9
79.1
77.5
79.0
83.9
89.9
76.5
76.9
79.2
76.2
79.2
76.9
77.3
97.6
87.7
80.9
76.4
77.4
79.3
77.5
77.5
80.4
86.6
79.9
78.0
77.8
77.1
98.3
77.5
77.9
77.3
92.4
77.8
91.5
76.3
76.7
80.7
81.5
76.0
76.9
82.8
92.0
76.5
76.8
77.4
82.0
76.3
79.2
80.9
78.9
76.4
80.7
78.1
76.5
76.4
76.7
77.9
80.1
77.0
78.3
77.4
78.0
83.1
77.8
76.3
76.7
79.8
77.6
78.4
77.9
79.6
78.6
78.6
77.9
77.2
76.4
81.3
76.6
76.5
80.0
89.7
78.7
77.5
76.7
76.2
93.2
79.4
77.5
77.5
86.7
92.2
80.1
76.6
77.6
77.4
85.7
81.2
76.4
85.0
85.8
91.6
81.3
77.3
81.6
78.2
88.7
81.6
76.1
77.7
87.8
94.8
76.9
77.2
86.0
80.8
78.8
76.8
77.2
78.4
83.2
84.0
78.7
78.2
77.5
76.0
76.3
77.2
80.6
77.1
79.1
80.5
77.4
75.5
76.5
80.9
78.3
78.1
83.2
80.8
80.4
77.4
76.9
77.9
76.9
77.3
77.3
77.3
80.5
78.9
76.8
79.0
84.2
77.5
77.6
77.7
78.8
79.3
76.8
76.6
96.2
76.9
78.9
76.0
78.2
77.3
79.4
81.4
78.9
78.5
77.3
77.1
81.4
77.2
78.2
77.6
79.3
84.4
85.9
77.0
77.4
77.7
95.3
89.3
77.9
77.6
76.0
79.2
85.2
84.5
77.6
76.9
82.9
79.9
78.1
84.7
81.2
76.6
78.4
77.3
95.8
79.5
77.7
77.3
88.1
79.3
76.0
81.0
80.3
82.3
78.1
77.6
80.4
77.6
77.1
76.4
79.9
77.5
76.5
80.2
77.1
79.0
78.9
76.0
79.8
84.7
76.5
78.3
75.9
79.2
77.7
79.2
78.1
76.9
77.9
76.2
77.9
80.4
76.1
76.9
83.4
81.1
78.4
76.4
77.1
79.2
80.4
78.7
77.6
78.5
78.3
76.2
78.0
76.1
86.2
81.3
77.6
77.6
79.1
76.1
76.6
77.0
77.5
77.4
77.8
85.1
79.4
77.7
76.5
76.8
77.4
83.0
81.0
76.3
77.0
86.5
80.5
76.4
83.8
83.8
76.2
76.7
77.5
78.0
87.4
78.8
77.4
75.8
76.6
78.7
87.1
77.5
78.3
77.6
81.9
76.9
76.8
77.4
77.6
77.8
76.4
79.1
77.3
78.3
78.7
76.8
77.8
77.0
77.6
84.7
76.2
76.2
76.7
76.3
85.0
77.6
78.8
78.5
76.7
77.9
88.2
76.9
77.8
78.7
83.3
76.1
76.5
77.6
76.5
76.0
77.3
77.6
77.1
78.0
76.7
77.6
84.3
76.5
77.6
78.5
76.7
77.6
76.5
77.1
78.1
78.7
78.1
76.1
76.9
78.0
76.8
77.5
85.3
79.9
77.7
76.9
78.7
77.5
76.4
77.7
84.0
77.0
77.6
78.4
78.1
76.1
80.1
77.2
77.6
79.2
85.2
77.0
77.6
78.3
76.5
76.2
77.3
76.8
77.8
78.2
77.8
78.4
76.2
77.0
77.5
77.6
77.4
77.5
85.5
78.2
78.3
76.9
79.4
77.4
77.3
77.6
78.3
76.0
79.1
77.7
77.0
76.8
81.8
77.7
78.9
76.7
77.4
76.0
77.1
86.0
78.2
76.5
76.1
76.6
76.3
76.9
77.7
76.4
76.4
77.1
77.1
77.3
77.4
77.5
77.6
79.5
78.2
78.1
77.0
76.8
77.7
78.5
76.4
76.7
85.6
78.4
77.4
77.8
88.4
76.6
76.6
76.7
77.5
77.7
77.7
79.7
76.1
76.5
78.9
77.2
77.5
77.9
78.8
77.1
77.6
77.1
77.8
76.4
80.4
76.8
78.4
87.0
76.5
77.8
77.8
76.6
78.0
76.8
76.9
78.3
76.5
78.0
77.2
78.0
80.4
78.7
89.4
76.5
79.2
80.9
94.2
83.0
86.1
80.2
81.4
86.1
80.7
82.3
80.1
77.9
82.8
80.4
78.4
82.2
77.4
79.1
82.0
80.0
77.8
78.0
80.6
78.5
80.8
92.8
103
77.8
91.0
84.6
91.5
89.1
82.3
78.7
82.0
78.5
83.7
79.9
79.4
79.3
85.3
76.2
78.9
79.6
78.8
80.7
79.8
82.0
78.6
78.3
77.9
79.9
82.5
77.5
80.1
78.9
77.3
77.7
76.3
79.0
80.5
86.1
80.8
78.2
77.3
79.8
77.1
77.6
79.6
81.1
77.4
79.5
79.7
80.7
77.3
80.6
80.8
76.6
88.6
80.2
92.5
80.0
79.9
80.0
78.9
84.3
80.0
79.4
78.2
78.2
80.4
78.9
78.7
85.9
77.4
77.8
78.5
94.8
76.2
77.7
78.8
82.7
77.5
75.8
77.1
84.1
78.9
77.3
76.7
78.3
78.7
103
78.3
77.9
76.7
78.2
80.9
80.5
76.0
76.7
77.7
75.4
81.6
78.4
77.5
81.9
76.3
76.5
91.2
79.5
78.0
78.1
76.3
79.0
76.8
76.2
78.7
78.2
76.0
82.7
77.4
80.3
82.0
76.6
76.9
77.7
78.3
76.9
78.0
78.4
76.2
76.5
78.4
84.5
79.0
81.5
85.5
80.5
78.4
78.1
80.0
80.3
77.4
78.9
77.1
77.1
78.7
76.2
79.8
78.0
77.4
78.4
77.3
80.8
77.7
76.4
76.4
79.6
80.3
77.6
78.1
76.1
81.0
77.3
77.9
76.7
80.2
81.5
76.9
77.9
75.9
97.0
77.5
77.7
78.9
77.0
80.5
79.8
77.3
76.7
76.8
76.5
76.8
90.1
95.5
81.8
77.5
83.8
78.8
81.2
80.1
76.4
85.2
85.7
77.5
77.4
78.6
77.7
77.4
86.4
81.5
78.2
79.0
81.4
77.0
94.0
87.4
76.6
77.1
77.2
78.3
76.9
76.6
77.4
76.5
76.9
75.8
79.1
77.9
77.4
80.1
76.7
78.1
76.7
87.8
82.0
77.9
76.2
76.1
79.4
77.9
78.1
92.5
78.2
78.0
87.4
77.0
84.9
80.2
77.4
76.7
77.8
76.9
79.7
78.1
83.2
77.5
77.0
77.7
77.4
76.5
77.4
81.7
79.8
76.9
77.6
77.8
78.4
77.1
77.5
77.2
80.8
76.5
86.0
77.6
77.6
83.0
78.7
78.2
77.5
80.5
77.9
78.6
77.1
77.4
87.5
77.4
77.7
79.8
93.1
76.6
82.8
82.4
76.5
78.0
78.0
80.1
77.6
76.5
78.2
85.2
77.5
75.9
80.6
102
80.6
77.5
76.9
79.3
82.1
82.4
77.2
79.2
76.1
83.1
77.2
78.9
76.9
79.2
78.7
90.1
76.1
78.8
80.3
78.1
80.4
75.7
76.2
79.5
79.4
78.5
77.4
76.6
78.6
77.5
77.0
76.5
77.4
78.8
76.8
77.5
76.4
77.4
77.7
80.7
76.9
76.6
78.4
79.6
76.4
78.4
77.3
83.8
79.1
77.8
77.8
79.3
84.6
77.9
77.6
77.0
77.2
83.4
76.7
77.8
77.4
88.6
79.5
76.9
76.8
77.6
80.4
80.2
77.0
77.0
76.9
76.2
77.8
87.6
76.7
79.7
76.7
79.0
83.3
82.8
76.4
78.7
79.3
77.7
79.0
80.8
76.1
77.6
84.8
80.4
78.4
77.7
77.1
77.0
79.4
77.3
76.2
93.6
77.0
78.0
78.7
76.1
78.0
77.7
80.6
92.8
77.5
78.4
78.8
80.5
76.1
77.6
76.7
81.2
82.3
77.8
76.9
97.9
78.5
76.9
101
76.2
81.7
77.6
77.3
81.7
77.0
86.7
80.4
86.0
76.7
77.3
76.4
79.0
78.1
76.5
76.5
77.4
78.2
80.4
76.3
77.1
75.9
79.9
84.7
75.9
76.5
77.1
78.2
87.5
76.3
76.8
77.8
78.6
78.8
75.9
83.8
79.0
80.2
77.4
80.3
77.9
76.9
85.1
78.5
80.9
78.1
76.5
80.7
79.6
78.0
76.3
76.5
81.1
79.8
77.3
77.9
79.1
79.4
79.4
77.3
77.5
82.4
82.2
89.4
76.6
77.1
79.3
79.9
76.2
80.5
77.6
86.9
80.5
80.0
76.4
79.7
76.7
79.6
78.2
76.5
84.1
79.5
79.7
77.6
78.0
97.7
81.8
78.3
78.5
77.7
76.8
78.7
76.9
78.3
76.9
84.1
76.1
78.1
80.3
77.5
77.6
87.0
93.9
76.7
77.2
77.3
80.0
78.2
76.2
79.8
80.6
80.2
80.7
77.0
77.2
77.8
81.6
77.0
86.8
80.6
80.6
79.5
78.9
77.4
80.6
77.5
82.9
81.2
85.2
85.6
83.9
76.6
76.0
77.1
84.3
77.3
76.5
79.8
85.3
78.1
80.2
76.5
76.9
77.0
83.2
78.0
80.1
77.2
78.0
82.2
76.2
77.5
77.1
77.1
78.0
82.2
80.1
78.2
78.9
78.1
76.1
79.8
77.7
76.1
78.7
81.1
79.3
77.7
79.3
80.7
76.6
76.7
77.2
79.5
80.8
77.9
76.3
87.0
80.4
79.4
80.4
78.9
79.8
85.2
82.4
77.7
77.5
81.6
78.4
77.8
77.6
77.0
77.2
77.8
78.2
77.5
82.4
77.5
80.0
76.4
79.0
76.6
78.3
76.8
79.2
76.2
76.8
81.5
77.4
75.6
76.6
81.4
76.5
78.2
76.8
78.0
78.1
99.1
77.5
77.4
77.6
79.1
78.2
77.1
77.5
81.1
103
85.7
76.9
78.3
86.5
76.1
77.9
82.1
78.6
79.5
76.0
76.8
77.2
79.9
77.8
76.6
80.3
78.8
82.6
77.9
75.8
77.2
79.4
77.4
79.7
77.3
81.9
80.0
76.0
102
78.8
79.4
85.6
81.8
77.4
76.1
76.5
83.3
80.7
76.1
76.5
80.2
80.4
77.6
81.6
77.8
76.8
81.5
77.8
76.6
77.1
86.3
76.9
79.8
78.8
77.4
76.8
79.5
75.9
76.8
77.4
77.8
77.2
79.0
78.0
76.7
77.4
76.9
76.7
79.8
77.2
77.0
77.2
76.2
77.5
78.6
77.0
78.3
77.7
79.8
77.2
81.4
75.9
75.9
78.0
77.6
77.5
77.8
80.5
76.8
77.5
77.7
76.1
76.6
77.6
77.5
77.4
77.8
77.1
77.7
75.9
76.9
78.2
76.2
76.7
77.6
78.8
77.0
78.9
76.6
77.5
76.4
86.4
77.3
78.0
76.7
76.6
77.4
76.8
79.2
76.8
77.1
76.8
85.9
78.5
76.5
76.9
75.8
80.9
77.1
78.4
80.2
76.8
77.8
75.9
76.9
77.0
77.8
77.8
79.7
77.7
77.6
81.7
77.7
84.7
77.5
76.4
78.4
76.5
76.5
77.0
81.1
78.0
77.1
77.6
77.5
77.5
78.0
78.3
76.8
77.6
77.2
78.1
76.5
76.7
76.8
81.0
80.2
76.3
76.8
75.6
78.5
76.6
76.4
85.0
79.9
76.9
77.6
76.6
77.3
82.9
79.6
78.2
79.0
77.0
77.7
84.1
77.6
75.9
78.8
77.6
78.8
87.9
77.2
76.2
76.5
79.0
77.1
77.8
77.3
77.8
76.4
78.2
77.6
84.9
77.1
78.5
76.0
78.0
77.9
79.2
78.5
77.5
77.8
76.8
77.8
76.3
76.9
78.5
76.1
81.1
76.5
79.4
78.0
82.0
77.4
79.9
76.8
77.9
78.0
76.6
77.7
77.2
77.4
77.9
76.5
76.9
75.4
78.6
75.9
77.7
77.6
78.4
75.9
76.8
77.5
77.6
76.1
78.9
78.0
84.3
77.5
76.6
77.7
78.1
78.6
76.1
77.2
78.9
76.1
77.0
77.2
77.5
78.0
78.3
77.7
76.7
76.3
93.3
77.1
77.8
76.9
77.1
78.1
83.6
76.9
77.5
80.3
77.6
76.0
77.8
76.9
77.3
77.4
77.0
81.0
77.6
77.7
77.3
77.4
80.2
76.6
77.1
80.5
78.4
78.2
76.9
78.0
79.6
79.8
76.5
78.7
78.4
78.5
76.7
79.9
80.7
78.6
76.6
83.3
80.4
82.9
81.0
77.1
76.4
77.2
79.9
77.1
79.3
79.0
87.6
77.5
79.0
76.5
81.2
77.1
77.2
81.1
78.6
84.2
81.6
77.6
76.6
78.1
77.1
104
81.5
76.9
77.5
79.3
76.6
95.3
77.1
76.6
77.4
77.1
76.1
79.0
77.4
85.6
79.7
77.8
77.7
101
78.0
77.6
79.8
80.0
77.2
76.5
77.6
78.6
87.5
79.3
77.0
78.3
82.5
76.5
77.2
77.5
80.7
77.1
80.2
77.8
86.9
80.1
77.6
75.8
82.3
79.7
90.5
78.6
78.3
80.1
77.3
81.0
79.3
76.6
90.9
84.8
88.2
76.6
78.4
78.3
79.8
97.8
76.0
79.9
79.1
78.7
84.4
78.7
95.3
77.2
78.9
75.8
78.9
77.7
81.0
78.3
77.2
76.2
77.8
79.9
79.4
78.2
78.8
83.9
76.9
77.3
76.3
81.0
78.0
79.8
76.9
76.3
77.2
79.1
78.5
77.9
82.6
76.1
77.2
80.4
84.8
76.9
78.3
76.7
78.9
77.4
77.6
80.2
78.6
76.6
79.5
79.2
79.5
82.2
77.2
77.5
78.3
77.3
79.8
76.3
78.8
80.1
76.1
89.8
76.0
77.2
78.0
75.8
77.0
85.4
78.5
84.5
76.1
80.2
76.8
77.6
80.1
76.6
76.7
77.9
76.4
79.3
79.3
79.7
82.5
76.4
78.8
77.5
79.0
79.0
76.8
87.2
77.1
76.7
77.5
78.6
76.2
76.5
76.6
76.5
76.7
77.9
78.3
76.9
78.6
80.3
76.4
77.9
78.0
85.1
77.7
75.8
79.6
77.5
77.0
79.3
77.3
76.4
76.7
80.4
77.9
77.8
82.7
78.3
78.4
82.2
76.3
77.5
77.1
78.3
76.5
76.7
76.4
78.0
77.5
80.6
77.3
76.1
79.2
77.7
78.1
78.0
76.8
77.0
78.1
78.5
76.6
77.3
77.7
78.9
78.4
79.2
80.0
77.0
81.7
79.3
78.7
78.5
77.8
80.4
78.2
77.3
76.4
77.2
81.8
78.3
76.2
77.5
76.4
77.2
77.8
78.1
77.3
86.1
78.0
77.0
77.9
82.0
77.1
85.6
86.3
79.1
77.4
76.2
77.0
81.9
80.3
77.0
76.5
84.9
79.4
79.4
77.5
77.6
78.2
77.0
83.7
76.5
77.3
78.5
79.6
76.9
77.4
80.2
82.5
77.1
77.1
82.1
78.4
80.5
76.6
95.8
80.3
80.0
83.1
77.8
84.5
79.1
89.7
77.2
77.9
82.5
81.3
80.4
77.3
77.9
78.7
80.3
80.0
79.2
84.6
80.4
77.7
78.3
78.6
78.8
94.5
77.0
81.2
99.7
78.4
78.3
78.5
86.7
84.0
82.3
77.1
78.9
92.9
78.9
101
76.0
80.5
86.5
77.5
77.5
78.4
77.5
77.1
77.6
81.2
77.8
77.6
76.9
82.4
77.6
78.7
80.5
90.6
85.0
77.5
90.2
79.6
87.0
78.1
77.2
78.2
80.5
81.1
76.6
76.5
76.6
82.0
84.1
79.4
78.9
76.7
81.4
93.7
76.2
77.1
82.4
98.4
80.3
76.8
77.4
77.5
82.0
79.0
76.7
78.7
89.5
78.8
76.4
78.5
76.4
76.9
77.2
78.1
82.6
78.5
76.4
81.5
79.3
82.8
78.6
79.1
78.0
84.7
76.8
78.8
76.7
79.9
81.6
76.3
76.9
78.0
78.1
84.4
80.3
77.5
76.0
76.9
83.5
77.8
78.7
76.5
76.2
76.5
77.4
81.1
80.9
77.4
77.7
85.5
79.1
79.6
79.3
78.1
76.8
77.1
80.2
76.2
86.6
77.1
77.2
80.2
79.5
85.3
81.0
85.3
79.8
77.7
76.7
77.5
80.8
87.2
78.4
77.0
77.8
80.0
80.5
78.3
76.7
78.3
77.0
78.1
82.1
80.4
80.6
79.1
79.6
78.0
77.4
80.4
76.2
76.4
79.2
79.7
88.7
77.9
78.3
78.4
76.6
77.0
77.3
77.7
76.6
76.5
84.8
77.3
92.8
79.2
77.1
77.5
78.7
78.9
78.0
79.3
77.8
76.5
80.2
80.8
78.3
76.5
76.6
76.5
78.0
77.3
78.2
80.4
80.6
76.5
78.3
76.7
79.7
77.5
76.4
77.2
79.2
82.4
78.2
78.6
76.3
76.3
82.4
76.5
85.3
80.8
78.4
76.9
78.3
77.5
88.1
78.2
84.2
77.7
76.1
83.1
82.7
78.2
78.0
77.6
81.0
76.2
76.9
76.8
77.9
80.8
77.4
96.6
78.2
76.2
76.8
78.0
80.7
77.9
78.4
76.1
77.1
77.2
78.3
76.8
77.5
77.8
79.1
77.6
77.4
75.8
78.0
81.6
76.8
78.3
77.0
80.5
78.6
77.0
77.2
76.2
78.7
79.0
77.2
76.2
76.7
76.6
79.7
78.9
77.2
77.6
78.3
77.8
84.7
78.2
76.2
77.2
77.8
77.7
76.5
76.3
84.9
79.5
75.9
85.5
79.5
77.4
77.4
78.2
76.1
80.8
77.8
86.1
79.1
77.2
77.7
83.3
77.8
80.7
76.5
85.8
77.1
76.5
76.8
77.7
85.1
82.0
78.3
85.5
77.4
76.9
81.0
76.8
79.3
77.7
76.7
78.0
80.1
80.9
76.7
76.6
77.0
77.4
78.0
76.2
78.8
79.6
81.7
76.7
77.1
77.6
77.6
76.6
76.2
79.1
77.2
79.2
77.2
77.8
80.9
78.2
77.0
83.2
77.8
77.4
76.9
79.9
76.4
77.8
78.1
78.8
80.8
76.8
77.5
77.7
78.9
81.4
83.0
76.4
77.6
79.7
77.4
86.0
76.6
78.0
77.3
79.0
78.9
77.2
76.1
82.2
79.0
78.0
78.0
78.3
79.7
80.0
80.9
76.7
78.1
80.3
81.1
80.3
83.6
76.1
82.4
79.4
82.0
76.6
77.6
77.8
77.9
77.2
78.1
80.3
77.9
79.3
78.0
76.6
78.8
82.0
77.7
76.7
84.9
78.7
77.4
77.9
77.8
77.7
77.3
82.5
77.1
84.2
77.7
78.9
79.3
79.2
76.5
77.8
77.8
79.1
82.9
76.5
77.8
83.8
83.6
81.1
81.7
78.0
77.8
77.9
82.5
81.0
77.2
76.3
82.0
80.6
77.1
81.5
80.9
78.5
77.1
77.0
77.8
86.3
77.7
77.7
79.1
79.9
77.4
77.2
77.3
78.3
76.9
79.7
76.1
76.2
79.2
77.2
77.2
78.6
78.5
75.9
77.6
76.9
80.6
77.4
76.5
78.4
77.3
78.5
77.5
76.9
76.2
78.1
77.0
79.2
77.3
77.3
76.9
78.6
78.6
83.1
77.0
76.3
80.4
79.4
78.9
76.2
83.2
76.3
76.5
77.3
77.6
88.0
76.8
77.1
76.9
93.6
77.6
76.8
75.9
82.2
77.7
84.7
76.3
76.5
77.2
79.0
78.5
76.8
76.7
76.2
82.3
79.3
78.4
76.3
76.7
78.3
77.3
77.2
77.0
77.9
76.3
78.0
78.2
80.0
77.6
77.9
77.3
81.0
82.4
77.2
77.8
78.7
79.3
77.3
76.9
78.5
81.3
79.0
78.0
82.0
76.7
77.3
76.6
76.4
78.9
77.8
76.1
76.8
81.0
88.1
77.5
76.6
76.9
79.4
79.7
77.6
77.1
76.4
78.4
81.7
77.7
76.6
77.0
79.2
85.0
77.1
77.0
78.4
84.8
76.6
82.8
77.4
80.2
95.3
76.0
76.9
79.7
86.0
80.4
77.3
77.7
80.8
80.8
81.9
77.1
77.6
76.9
77.7
79.1
79.7
80.5
77.9
79.9
80.1
77.5
75.5
82.8
80.0
82.5
78.7
80.9
77.3
80.3
82.2
78.2
79.6
79.7
85.1
78.6
79.3
78.1
78.4
77.1
82.4
86.3
76.2
83.1
78.5
77.8
76.8
83.9
78.7
85.9
77.8
78.0
76.8
80.1
79.2
77.0
81.1
76.4
79.1
77.7
76.9
76.8
80.4
76.8
77.7
78.5
80.0
77.4
77.4
79.8
80.6
77.4
78.5
80.5
80.7
83.5
79.8
76.7
87.3
81.3
78.6
78.7
78.9
78.7
79.3
77.6
76.9
75.8
78.7
80.5
78.9
76.7
78.3
77.8
80.3
77.1
80.0
79.9
76.3
81.5
82.6
80.7
76.9
77.5
78.5
80.9
77.9
79.5
82.5
82.5
77.1
77.7
79.6
79.6
77.7
76.8
83.3
79.0
80.1
76.5
76.7
78.5
80.2
80.7
78.7
76.7
81.2
80.5
85.8
76.3
76.7
80.1
81.6
75.6
88.3
76.0
78.7
76.7
76.8
77.1
77.6
77.7
79.0
77.4
78.0
76.1
79.4
76.7
77.1
76.0
78.8
78.9
76.4
78.2
78.8
76.6
76.0
78.2
79.7
77.7
76.6
76.0
77.9
79.0
75.9
77.4
85.9
87.7
77.5
78.9
76.2
79.0
77.8
78.3
77.2
78.9
80.6
77.1
76.3
76.3
81.9
77.7
77.3
79.7
79.4
76.9
77.9
79.5
76.1
77.5
78.6
76.0
96.6
77.0
78.8
78.9
78.3
76.4
76.4
80.5
76.7
79.3
78.2
81.6
77.3
78.5
81.6
75.9
76.6
77.0
76.3
76.1
81.2
78.0
77.7
76.5
79.6
75.8
77.1
77.6
77.5
77.8
76.6
79.6
79.2
76.7
83.4
78.8
79.6
77.8
77.7
79.3
79.2
76.3
76.8
92.1
79.2
80.6
78.8
80.4
78.9
77.2
77.9
76.5
82.4
77.2
77.3
77.4
78.8
77.3
76.8
79.5
75.7
77.7
76.9
79.9
77.7
77.5
83.0
76.9
77.5
80.4
78.7
84.4
76.9
77.2
78.6
80.0
75.9
78.7
91.3
77.1
77.6
81.1
76.3
80.6
76.7
77.5
77.5
75.7
79.4
76.2
76.8
77.4
86.5
78.1
76.5
76.2
78.3
77.2
83.7
85.8
75.9
76.7
81.0
80.2
76.9
77.6
77.7
79.9
76.2
76.3
76.9
81.7
80.1
76.9
77.6
76.6
77.1
76.4
78.7
81.0
86.2
76.4
76.4
79.9
83.2
77.9
77.7
80.2
78.1
77.0
79.8
81.4
77.2
76.3
80.2
79.6
85.0
81.3
76.1
77.0
79.0
78.1
78.1
79.2
79.4
77.3
77.6
80.3
77.2
77.4
77.0
76.1
82.5
81.8
78.1
84.8
77.7
79.7
86.4
81.3
80.9
83.9
76.6
87.7
78.3
76.5
76.5
76.4
79.2
78.5
76.5
76.1
77.4
77.3
80.6
77.5
78.0
79.9
82.9
77.4
77.4
77.3
81.0
78.8
78.1
76.0
79.2
81.3
85.9
76.4
78.5
77.8
78.4
77.6
78.4
76.5
77.0
77.6
80.4
81.9
78.5
77.0
77.6
81.1
78.2
79.4
80.6
76.4
76.3
78.6
77.1
76.9
78.1
77.3
80.8
79.1
78.4
83.1
76.7
76.5
78.0
77.4
76.5
76.4
78.8
81.0
80.3
78.3
79.3
87.8
77.5
77.8
77.0
77.3
77.0
80.2
78.1
76.1
78.0
80.7
76.0
77.8
78.1
76.6
81.5
76.8
77.2
78.3
76.6
78.0
77.2
83.3
82.3
76.0
80.9
79.9
77.8
77.2
76.0
78.6
76.7
77.5
77.8
78.2
79.0
76.3
75.9
77.8
77.6
80.2
76.7
77.0
78.6
79.4
77.9
77.0
76.6
77.9
81.9
76.9
77.4
80.3
77.1
79.5
76.3
77.4
77.5
77.8
81.0
76.6
77.6
77.4
77.5
77.0
77.5
89.2
79.4
76.8
78.8
77.9
78.0
77.6
78.8
78.8
80.2
79.4
79.3
77.1
78.3
79.2
77.9
79.2
77.5
77.8
77.4
76.7
76.5
84.0
78.2
79.4
78.0
79.4
79.2
79.4
84.3
77.5
77.0
78.7
76.0
77.0
79.1
76.8
77.3
80.7
77.7
77.3
78.8
77.5
77.1
76.3
77.3
77.0
77.9
77.8
83.5
77.0
76.0
77.6
87.2
80.0
77.9
77.6
81.5
78.8
78.2
79.6
80.5
77.1
76.5
80.0
79.9
79.1
76.6
81.2
79.1
78.9
76.2
77.9
78.1
76.9
77.2
76.5
77.3
76.7
76.5
77.9
77.1
80.7
78.4
84.5
77.7
77.0
79.1
78.7
77.5
77.7
76.3
77.3
79.1
83.8
80.5
80.9
79.4
85.2
90.6
78.6
77.5
82.6
86.3
76.5
78.1
77.2
77.2
79.9
85.2
77.1
79.8
80.9
76.9
78.3
78.4
76.5
76.5
80.6
78.9
78.5
78.0
76.1
80.0
81.5
81.9
78.6
76.3
79.3
82.4
84.1
77.2
77.2
78.0
83.8
79.2
78.6
90.1
76.5
80.4
76.4
79.1
77.5
80.8
75.9
77.0
78.7
77.4
81.2
79.8
75.8
90.8
82.6
80.2
79.4
76.9
77.2
77.9
76.3
79.4
77.3
84.1
80.8
83.1
80.3
80.2
76.7
77.6
81.7
86.5
81.1
76.9
81.9
81.1
82.4
83.9
77.6
77.9
77.9
76.7
81.9
79.3
77.7
78.9
77.6
76.7
76.3
78.0
78.9
78.4
77.0
76.0
79.2
77.1
78.2
75.8
80.1
82.2
81.5
78.4
84.3
79.6
79.0
77.3
77.9
76.7
82.2
78.0
76.6
77.2
76.7
80.6
77.1
77.4
77.4
76.0
79.2
78.2
77.8
77.0
77.0
82.0
76.1
77.0
79.3
76.7
94.6
76.7
79.4
76.4
78.5
77.8
76.7
77.8
76.7
76.8
81.9
76.4
77.2
77.9
76.7
78.4
76.8
79.5
77.9
79.0
79.7
77.4
78.2
76.8
80.1
79.6
76.9
77.7
77.1
86.6
76.1
84.2
76.8
77.7
79.1
76.3
83.2
77.5
76.7
79.1
75.9
76.6
77.1
79.6
78.5
76.4
76.8
77.5
77.5
84.4
78.5
76.8
78.0
78.9
77.5
77.7
77.3
79.0
78.8
76.1
79.4
76.8
79.9
76.6
76.3
76.7
77.4
82.7
79.1
77.1
77.8
78.9
76.8
76.0
76.1
77.1
80.4
75.7
82.7
77.7
76.5
76.8
81.5
78.3
75.8
78.5
78.9
77.8
76.4
80.7
83.6
83.9
76.6
76.8
81.3
82.7
77.2
84.2
77.3
80.0
82.1
81.0
76.9
77.3
83.8
76.6
76.5
76.7
78.1
77.9
76.3
85.1
78.8
77.7
77.4
90.7
76.3
77.3
78.0
79.9
81.8
75.8
76.9
77.1
77.1
94.8
76.1
76.7
75.6
78.0
76.5
77.0
82.0
76.7
77.8
76.7
78.5
79.5
80.6
77.0
77.7
79.9
77.2
77.5
76.2
80.3
78.6
77.6
77.3
77.6
82.3
82.5
76.5
86.7
83.6
77.3
78.5
76.4
79.5
78.2
75.6
76.5
78.9
80.2
78.8
76.5
76.6
84.4
77.1
77.6
76.8
76.7
75.9
78.4
79.2
78.1
78.4
77.2
78.4
77.3
79.4
82.7
77.6
82.0
77.3
77.7
79.5
80.8
77.9
90.6
76.7
77.9
84.4
81.0
77.4
77.9
80.1
76.8
78.4
75.9
77.2
78.4
78.7
76.9
77.8
76.2
76.1
77.4
77.0
77.0
76.3
76.9
78.1
77.9
76.7
76.6
78.8
75.7
77.8
79.6
78.0
77.4
77.1
76.1
80.5
80.1
77.8
77.1
77.6
80.4
77.3
75.9
76.7
77.7
81.6
80.5
76.1
76.5
76.5
81.1
79.5
77.9
76.2
79.0
77.5
78.0
76.6
77.4
78.1
78.5
77.6
76.1
77.9
76.8
79.3
77.1
77.7
79.7
77.2
77.9
76.9
77.7
79.7
78.0
78.0
76.9
80.3
81.3
76.7
77.5
78.8
76.6
76.6
87.3
77.2
77.7
78.7
77.9
79.9
78.4
77.5
77.5
82.5
77.9
76.8
79.7
76.7
79.7
83.1
85.1
77.4
78.1
78.5
76.6
76.9
76.2
87.8
77.5
75.7
79.0
77.0
77.6
83.5
77.8
80.8
79.9
79.4
78.6
77.5
77.4
78.8
76.1
77.2
79.7
77.1
80.1
76.3
76.7
82.6
78.1
84.1
78.6
81.8
78.3
81.2
78.4
76.3
76.9
75.4
77.7
77.6
76.8
76.9
77.7
78.6
77.1
79.7
79.2
79.0
77.2
82.3
76.7
78.2
76.7
75.8
76.7
82.9
76.6
78.0
76.0
77.1
86.7
78.8
79.8
76.5
81.3
80.0
77.7
77.6
77.0
79.0
76.2
78.5
79.4
77.5
78.6
75.9
78.6
79.2
78.1
77.2
77.9
76.2
76.4
79.2
77.4
77.9
79.9
77.3
77.7
79.2
77.1
78.2
76.4
77.5
83.3
77.0
77.3
76.1
77.8
79.0
76.4
76.5
80.4
81.0
78.3
78.4
75.9
79.8
76.2
77.0
77.5
77.2
79.6
81.0
76.6
77.7
83.4
76.7
77.5
81.3
75.8
76.7
84.4
76.8
77.4
77.9
76.6
78.0
77.8
77.5
76.5
77.3
77.8
80.8
77.6
78.6
75.9
84.1
78.8
79.6
79.9
76.4
76.4
78.9
76.6
85.5
76.9
76.8
79.2
79.2
80.1
85.1
78.1
80.1
79.0
77.0
77.1
76.6
77.1
80.7
77.7
76.7
77.8
76.5
78.1
78.3
78.2
77.6
78.3
80.3
76.8
81.3
80.7
77.9
78.6
76.7
78.3
78.7
77.0
80.8
79.3
78.3
76.8
77.3
76.3
77.8
78.1
76.5
77.5
78.7
81.9
77.4
76.4
77.9
80.3
76.8
77.4
77.9
81.2
79.4
76.5
78.2
77.5
76.8
81.8
80.1
78.5
85.6
88.6
78.2
78.5
78.3
77.5
76.2
77.6
79.5
76.5
75.7
79.9
79.3
77.1
77.5
79.9
78.4
77.8
80.2
77.0
76.7
78.8
78.9
76.5
81.1
75.9
77.8
80.4
78.2
77.1
78.3
77.2
76.5
86.4
75.7
76.1
78.1
77.6
77.5
78.4
80.1
78.6
85.9
85.6
86.1
76.1
77.6
77.5
79.3
76.6
79.2
76.7
82.0
81.1
78.6
76.9
76.5
80.1
79.9
77.1
76.9
76.5
77.5
77.2
76.5
78.0
81.2
76.7
76.9
76.6
77.3
79.9
76.5
76.6
77.5
76.9
77.5
77.8
79.4
77.3
81.1
83.5
77.7
77.3
80.0
77.2
80.8
78.5
76.8
77.6
78.6
80.7
79.5
77.5
90.3
79.9
75.8
77.3
80.2
76.5
79.3
84.5
77.7
77.8
86.7
77.4
82.0
76.6
86.4
76.4
78.1
77.9
76.7
78.2
76.3
83.8
77.6
77.0
76.3
77.1
76.3
76.4
80.5
77.5
78.3
79.0
81.7
76.7
77.3
77.6
82.5
80.7
79.4
76.6
77.9
82.0
76.1
78.8
77.8
76.4
76.5
76.7
81.2
83.6
76.2
77.1
78.1
78.7
77.6
85.4
80.1
78.5
76.4
76.6
76.8
78.2
76.2
76.5
77.4
82.4
79.8
77.5
76.2
77.0
78.3
77.7
76.9
77.5
77.8
83.8
79.8
78.0
78.0
76.4
76.2
81.3
77.8
78.0
76.1
76.7
79.8
76.7
120
78.8
79.9
78.2
78.6
77.4
78.4
79.1
79.3
77.4
76.7
76.1
76.6
76.7
77.8
77.4
78.9
78.6
76.7
76.9
76.1
77.2
77.7
78.9
77.1
76.2
77.5
85.3
78.8
78.6
77.6
76.9
77.5
78.8
77.6
76.6
77.5
77.5
79.0
76.7
76.2
78.0
78.4
83.7
76.2
76.8
77.7
79.0
76.1
76.4
76.7
78.7
79.8
77.9
77.8
76.8
78.6
79.5
76.9
77.4
76.4
80.4
76.6
76.9
77.6
76.5
76.0
79.4
77.1
77.5
79.8
78.4
77.8
84.4
81.5
76.6
75.8
76.2
76.9
76.2
78.8
76.6
77.1
81.0
77.0
79.7
80.8
77.0
77.6
79.5
81.2
85.7
76.6
79.6
78.0
78.9
76.5
83.7
79.0
76.6
76.4
76.9
81.5
81.5
85.4
78.0
77.1
78.8
79.7
81.9
78.1
82.0
82.7
83.3
78.7
77.3
80.1
78.2
76.8
77.6
77.0
78.0
80.1
77.5
77.3
77.5
79.4
79.2
79.3
83.7
78.9
76.5
79.0
81.0
77.6
77.5
83.6
77.9
78.5
76.4
76.6
80.3
84.4
77.1
81.7
76.5
77.3
79.8
87.7
76.7
78.5
77.6
80.7
79.2
77.2
79.8
81.2
78.9
78.4
76.1
76.3
76.7
77.4
77.5
77.5
78.0
78.3
79.5
81.8
80.9
80.2
79.1
77.8
76.9
83.5
79.6
77.8
76.5
81.9
77.4
76.1
76.6
78.9
80.5
80.4
76.5
81.7
78.0
77.2
78.6
77.3
83.4
79.5
86.1
77.4
76.8
80.4
76.7
80.6
75.9
77.6
78.2
75.9
77.7
77.5
76.5
76.5
79.0
78.0
78.0
79.5
79.8
75.9
76.8
77.8
78.5
78.1
85.5
77.8
76.8
77.9
78.3
80.7
75.9
76.5
81.3
77.1
79.4
81.3
77.4
76.8
80.1
83.2
79.4
76.4
76.6
76.3
80.8
80.3
76.6
76.4
76.9
79.0
78.1
75.8
79.2
78.0
78.9
79.3
77.1
77.8
76.7
79.7
83.7
79.8
76.2
77.1
77.4
83.2
80.6
76.4
77.4
81.9
76.1
76.6
76.4
77.1
77.5
77.3
77.3
76.1
76.9
76.3
79.8
76.6
78.9
77.2
78.0
79.2
77.2
77.3
77.3
80.9
76.0
76.8
77.6
77.8
81.5
78.3
77.1
77.5
77.4
79.8
78.2
77.1
89.4
77.1
79.9
79.7
77.5
76.9
77.7
76.0
78.8
81.3
77.8
77.3
85.4
82.3
77.1
75.9
79.3
77.1
77.8
84.1
76.5
78.1
77.1
77.6
79.9
79.7
80.0
77.7
80.1
79.5
79.0
76.9
84.9
80.4
88.1
77.8
76.5
82.4
78.0
77.5
77.3
78.0
86.2
89.4
77.3
78.2
76.1
76.7
77.8
77.7
77.7
82.6
82.9
76.3
76.4
77.2
81.8
77.0
78.0
80.0
81.5
78.8
77.4
78.1
76.0
76.9
80.2
78.3
87.0
78.3
82.2
76.8
79.5
80.8
76.5
82.1
77.6
77.4
82.3
79.5
77.6
76.2
77.2
76.4
77.0
77.8
78.3
78.5
76.6
76.7
75.3
79.1
77.1
77.3
77.2
87.8
76.6
77.5
80.7
79.3
86.0
77.3
79.4
75.8
83.3
76.7
77.3
79.1
78.1
77.5
79.8
80.1
80.6
76.0
77.9
77.0
80.3
80.7
77.0
79.3
80.1
81.9
81.5
85.7
77.5
77.9
78.0
78.0
77.4
77.7
86.8
81.7
80.5
77.8
80.6
79.3
76.5
83.4
77.2
79.1
81.0
85.0
77.6
78.0
84.3
76.9
78.3
76.0
76.5
76.8
79.6
77.4
79.9
76.8
77.2
81.3
77.4
77.4
77.4
76.9
79.8
76.9
76.8
82.1
76.6
77.3
82.9
76.2
77.6
76.9
81.7
76.4
77.0
82.9
81.9
84.7
78.0
86.1
80.3
78.6
75.4
77.9
76.9
78.7
79.3
79.4
81.0
76.8
78.6
76.1
78.5
80.8
76.6
75.7
79.7
78.1
79.9
78.0
76.9
78.7
77.9
78.3
77.6
77.0
76.3
86.4
85.0
76.9
96.5
79.0
77.6
77.0
76.0
77.4
79.2
77.9
77.9
77.4
76.8
76.9
81.5
77.8
86.1
76.7
76.6
76.1
78.0
82.8
76.8
76.3
80.1
77.4
77.4
81.6
79.9
76.7
78.9
77.3
78.8
77.3
78.2
76.9
77.0
78.0
79.7
77.3
77.1
78.0
79.5
79.6
79.4
76.7
80.6
79.9
77.6
76.5
79.7
77.8
77.8
81.9
77.4
76.8
81.0
79.8
78.7
77.5
76.0
82.6
77.1
76.6
77.9
78.1
79.7
81.2
79.2
79.9
79.4
77.2
77.0
79.8
79.8
76.7
78.5
78.2
80.4
77.0
77.8
83.5
76.9
86.5
76.4
76.2
83.6
78.7
77.6
76.0
76.1
85.8
80.1
76.6
76.0
76.7
78.0
81.2
76.3
76.8
75.9
83.3
77.0
75.6
76.1
77.1
78.0
76.1
76.8
78.0
76.4
77.2
76.0
76.9
78.8
80.0
77.5
77.0
76.9
77.5
77.6
79.4
78.4
79.8
76.7
77.3
78.9
77.5
79.2
77.0
77.2
85.7
78.1
76.4
78.9
78.7
76.8
86.8
76.5
79.2
77.8
76.5
79.4
77.8
76.8
77.5
77.7
76.9
77.6
77.4
76.9
77.7
79.9
79.6
77.9
77.1
77.8
77.7
78.8
75.8
78.1
79.9
82.8
78.0
77.0
77.7
77.3
79.1
76.4
76.9
77.9
76.6
78.7
76.3
76.3
77.1
75.7
78.4
77.1
77.5
78.7
84.8
77.3
80.0
78.3
76.6
77.7
76.5
79.1
76.9
80.8
76.3
77.3
77.8
76.6
76.0
76.6
76.8
84.7
77.3
78.3
76.7
98.9
79.2
76.2
77.0
77.2
80.3
76.4
76.1
76.6
77.5
76.7
80.1
78.4
77.3
79.8
77.4
77.4
77.8
76.2
76.9
79.8
77.3
77.8
76.0
78.4
79.3
77.9
78.8
76.8
77.6
77.5
83.0
76.1
77.2
79.5
76.1
76.6
79.2
77.5
78.0
77.8
77.8
76.3
76.1
78.5
81.1
76.4
78.0
78.4
75.7
79.8
76.6
76.5
77.8
77.7
78.2
78.6
76.6
81.9
76.8
82.7
77.4
77.4
78.6
80.5
76.4
78.4
77.7
77.1
82.8
78.7
77.2
77.4
81.6
81.4
77.8
82.9
83.4
79.5
77.4
80.2
76.3
80.7
78.5
76.4
76.9
78.0
77.9
76.6
76.5
80.0
77.3
77.7
76.6
76.4
78.7
75.7
76.4
77.9
79.8
79.5
78.0
77.7
76.5
80.2
77.7
77.2
85.5
77.1
80.4
81.2
76.3
80.8
79.2
80.9
76.8
77.9
76.4
99.2
81.2
78.2
77.3
78.0
76.6
83.3
76.9
77.7
77.8
78.7
77.3
78.7
77.3
77.5
81.8
76.0
77.7
76.2
76.3
76.4
77.1
77.7
76.8
78.4
82.2
80.0
76.4
79.0
78.3
81.5
75.9
76.8
80.5
76.0
80.9
84.1
84.2
77.4
77.6
78.0
76.6
81.7
83.4
78.2
76.2
77.0
77.4
82.8
78.5
84.7
75.8
76.8
77.5
79.7
81.7
77.4
77.8
76.8
81.1
79.9
82.9
78.7
80.3
79.2
79.2
77.9
76.4
79.8
79.3
77.2
79.9
80.9
81.7
77.1
77.9
78.8
78.5
79.6
76.9
76.4
77.2
82.1
78.6
76.4
76.4
79.7
77.8
76.6
81.2
76.9
77.0
80.0
76.2
76.9
77.4
77.4
79.3
76.4
80.0
77.1
78.2
80.0
76.7
85.6
78.4
80.0
83.0
77.6
82.0
78.8
77.0
77.9
77.7
78.3
78.0
80.2
78.0
80.3
77.6
77.8
77.6
82.0
79.9
81.0
77.9
80.6
85.3
76.7
86.4
78.6
77.1
77.6
78.0
87.3
79.7
78.9
75.9
76.9
77.3
81.0
80.7
75.9
76.9
85.5
78.2
76.8
76.7
82.5
77.1
77.7
77.3
77.5
77.5
77.4
77.7
77.1
77.2
83.5
77.5
86.2
75.9
77.3
76.7
76.3
76.9
78.3
75.9
76.9
78.2
76.2
76.8
78.2
76.3
77.1
77.2
81.0
75.7
77.5
81.5
77.5
76.8
78.0
77.0
78.1
77.7
77.3
78.8
78.0
79.7
79.4
77.7
81.9
78.3
77.9
77.8
77.3
77.9
78.5
78.6
77.8
76.6
78.8
77.9
76.4
80.7
76.7
78.9
76.9
77.0
79.3
78.4
76.5
82.5
76.8
77.9
76.3
77.2
78.0
78.5
76.2
77.0
78.4
77.5
75.8
76.3
77.6
76.7
77.2
77.5
77.7
76.9
77.3
77.4
78.1
76.7
77.0
77.0
78.1
75.9
77.4
78.8
77.8
76.8
77.3
77.8
77.1
77.0
77.7
76.3
76.8
80.2
78.8
76.9
77.2
76.9
77.5
77.8
76.3
76.6
76.4
76.8
77.6
87.8
76.3
76.5
76.8
78.3
75.8
76.9
77.3
76.1
76.6
76.4
79.7
78.3
77.6
79.8
87.4
85.5
77.4
78.0
76.6
76.1
76.5
77.2
78.1
77.3
77.0
77.5
75.9
77.2
78.0
76.1
86.6
76.1
77.5
80.7
76.5
76.8
77.8
77.0
77.0
75.4
78.1
76.9
78.7
77.0
77.5
76.9
78.1
76.3
84.9
80.3
75.9
76.7
77.8
76.3
76.8
80.4
81.9
81.0
76.2
76.8
77.6
77.6
76.7
75.5
77.2
76.6
77.1
77.0
79.4
77.9
76.7
85.1
86.8
76.7
80.8
78.0
101
80.2
83.2
79.3
82.8
76.4
80.0
80.2
79.2
81.9
78.4
79.4
78.2
79.0
77.3
78.7
76.8
76.7
77.7
84.0
85.5
79.8
77.4
79.8
79.6
79.7
85.1
80.4
80.6
78.5
77.4
83.8
78.5
78.3
79.2
78.8
76.7
87.9
79.1
77.4
79.4
78.0
89.6
79.5
77.6
77.1
76.7
83.0
78.2
77.5
77.1
80.9
80.5
77.9
79.9
78.1
78.9
97.4
78.2
76.9
76.5
75.7
77.8
78.3
82.9
80.8
77.4
84.3
77.6
77.5
82.2
77.6
76.6
77.6
78.3
79.9
75.5
77.1
77.0
76.7
76.3
78.1
77.6
80.4
76.9
78.8
76.4
77.6
76.7
77.0
76.6
77.3
76.8
77.8
76.8
76.5
84.5
77.0
76.7
84.4
79.2
76.4
76.4
77.3
80.5
78.5
77.4
78.8
77.4
77.2
82.0
79.4
76.9
77.1
78.9
76.5
76.9
79.3
78.4
80.4
82.4
77.1
78.3
75.9
79.1
87.9
76.5
76.9
78.3
83.3
79.0
76.8
77.0
79.7
78.2
76.6
76.0
78.5
76.7
79.7
77.3
78.5
76.0
76.8
77.9
77.0
77.8
77.6
77.5
76.5
77.1
77.0
78.0
77.0
77.5
76.0
77.4
75.6
77.9
76.8
76.2
76.7
77.6
77.5
76.4
76.2
76.7
77.1
78.0
78.8
78.0
76.8
79.1
79.2
76.9
76.7
76.6
76.0
76.6
76.7
76.1
76.0
77.3
77.5
77.7
76.9
77.4
77.6
77.8
77.1
77.3
78.3
77.0
78.8
77.8
76.4
76.7
76.7
77.4
78.0
76.5
76.4
77.1
77.1
77.8
77.5
77.6
76.7
77.7
76.5
76.7
77.6
76.9
78.8
77.7
77.4
80.1
78.3
76.8
75.8
77.3
80.0
76.9
84.2
79.6
77.5
80.0
80.8
82.1
78.6
77.1
80.1
76.9
77.0
77.7
77.3
78.4
87.2
76.7
76.4
76.5
77.6
77.7
77.7
76.8
76.2
76.4
77.6
77.7
76.7
78.4
77.3
80.3
77.6
79.4
81.2
78.1
76.5
77.6
77.7
76.8
78.7
76.1
81.1
77.7
82.7
79.6
79.4
77.2
76.8
78.5
81.6
77.3
77.3
79.3
84.3
77.6
77.4
79.4
79.9
78.8
76.1
78.2
77.1
83.5
96.7
76.7
77.9
76.8
78.0
79.3
76.1
76.8
78.0
79.5
77.9
76.5
76.4
86.6
83.2
76.7
77.5
79.8
77.9
76.7
78.5
79.3
78.0
76.1
77.0
79.3
78.1
78.0
76.4
78.1
78.0
83.9
77.9
77.1
79.2
80.7
76.3
84.9
81.2
77.8
76.4
81.1
77.5
81.5
84.0
79.0
79.9
77.3
77.9
80.7
76.6
82.6
79.3
76.6
76.3
79.2
80.3
78.2
77.8
76.4
79.7
84.9
76.2
76.6
76.9
78.4
75.9
78.8
77.8
81.1
79.1
78.1
77.7
76.4
79.3
77.1
78.0
78.4
76.5
80.8
77.5
77.3
80.0
76.0
77.2
78.3
79.5
81.1
79.5
77.8
76.5
78.6
76.9
77.7
76.8
77.7
78.8
77.5
77.5
77.7
79.4
75.9
76.5
78.6
77.2
77.1
77.7
77.6
78.4
76.2
76.8
83.4
80.5
84.3
76.8
77.4
80.2
75.9
76.9
77.8
75.9
79.1
77.9
77.4
77.9
76.4
78.0
79.5
77.1
77.7
77.6
80.6
77.5
78.9
77.7
77.6
80.0
76.8
78.0
81.4
75.9
77.7
79.5
82.2
76.1
81.9
78.0
76.6
77.8
80.1
78.2
78.7
76.4
77.1
78.1
84.7
77.0
78.1
77.1
79.2
77.7
79.9
78.6
76.3
76.8
85.6
79.3
90.9
77.0
79.6
78.8
76.5
75.9
79.5
77.6
77.0
77.2
78.6
77.7
80.5
76.6
78.8
77.9
76.2
77.9
81.1
78.5
77.6
81.6
80.6
77.6
77.7
76.7
82.7
86.0
79.1
77.6
80.0
76.3
80.3
78.6
77.3
77.8
76.7
78.2
76.6
77.6
76.7
78.9
114
82.3
77.2
85.6
89.8
75.9
80.6
87.4
82.5
82.0
77.8
78.7
91.2
81.0
78.6
76.6
76.8
77.3
88.0
76.2
77.2
78.4
84.3
82.5
76.4
76.6
78.5
78.1
81.1
79.5
76.0
78.9
77.9
77.6
76.3
76.9
80.8
80.1
77.2
77.8
76.6
77.8
84.1
77.0
77.5
77.6
78.2
80.0
76.7
77.6
78.4
82.0
78.2
77.0
77.9
76.6
81.3
79.2
75.7
77.1
77.7
76.8
78.0
81.3
78.6
77.3
77.8
76.4
79.8
85.1
76.5
78.6
81.2
79.4
77.8
80.0
82.4
77.5
76.0
76.7
79.1
79.7
77.8
77.1
80.6
77.0
77.9
76.3
77.2
79.2
81.7
77.0
77.7
75.9
82.3
80.3
77.6
80.0
83.5
76.1
81.1
80.8
78.5
76.6
82.5
76.9
77.6
82.7
77.0
77.2
77.7
75.9
77.7
77.0
78.4
77.2
77.7
77.1
99.1
76.3
87.1
81.3
77.9
77.7
77.5
78.4
76.3
78.0
77.3
76.8
76.5
77.1
77.7
77.5
77.1
78.4
76.5
78.2
81.5
76.7
76.0
78.2
77.5
77.9
82.9
78.2
76.2
79.5
76.9
78.6
77.4
77.9
78.3
77.1
80.4
80.3
76.2
79.2
82.1
78.0
84.7
87.2
76.1
76.7
78.2
76.1
77.2
78.2
80.5
77.2
77.7
79.3
77.1
78.0
79.3
76.8
76.3
81.9
78.2
78.2
76.0
79.8
77.7
79.1
81.0
79.7
77.2
76.3
77.5
77.3
76.3
95.4
78.7
97.2
76.4
78.1
77.2
77.1
78.5
77.3
76.5
77.9
77.7
80.5
76.9
75.8
77.9
76.0
84.4
78.5
76.5
77.5
76.5
77.3
76.9
81.6
78.5
78.1
79.6
78.1
77.4
77.4
84.5
75.8
79.4
78.2
77.9
77.1
77.9
78.6
76.6
77.5
76.5
78.6
79.4
76.9
76.5
77.0
81.1
77.1
79.0
77.8
78.8
78.3
76.3
79.7
77.1
76.4
79.8
80.7
76.5
77.8
79.0
77.4
76.8
76.3
82.9
78.3
77.4
76.8
81.5
78.8
76.7
77.5
78.1
81.0
81.1
84.6
77.5
82.8
78.4
79.6
85.8
80.2
77.6
78.3
78.4
97.2
76.8
77.5
79.3
76.8
86.4
79.4
76.6
76.0
77.5
79.0
76.0
76.2
77.0
77.3
83.8
81.6
77.1
77.6
81.9
81.0
76.9
76.1
77.0
81.6
80.3
76.3
77.1
77.3
77.2
79.2
77.0
76.8
84.6
79.2
78.9
79.1
89.9
77.9
76.1
76.6
78.5
80.8
77.6
77.5
75.9
82.5
88.6
77.3
77.3
75.9
77.2
80.8
76.4
77.0
77.3
78.3
82.0
76.7
77.0
85.0
79.1
76.0
77.5
100
75.9
77.2
77.9
87.7
80.3
76.5
77.0
76.6
76.7
77.8
77.0
79.4
79.3
77.4
86.2
78.7
77.1
77.5
79.8
76.6
76.9
76.9
78.4
81.0
77.9
79.0
80.6
82.2
86.4
76.6
77.0
80.6
80.0
76.2
78.4
82.4
77.4
77.2
75.7
77.1
77.4
80.4
77.9
76.2
79.1
78.9
76.5
76.6
80.0
77.0
76.4
78.7
79.3
75.9
76.8
76.5
79.0
77.5
81.3
78.2
77.9
78.8
76.2
101
92.2
79.5
76.7
80.3
78.7
78.7
78.0
78.7
97.6
80.4
77.9
77.4
85.0
78.2
81.4
77.5
77.9
79.0
80.2
79.9
76.7
77.2
77.3
80.0
78.2
76.7
77.1
78.9
76.0
87.1
79.5
79.7
79.1
77.9
77.5
80.2
77.0
80.5
78.9
77.9
76.6
76.6
77.3
86.2
77.1
77.4
76.1
80.1
79.0
80.1
75.9
78.3
77.3
77.8
82.7
79.3
77.0
76.9
76.0
83.7
78.4
79.3
82.0
77.2
76.7
76.8
77.4
77.9
76.3
76.3
79.8
77.3
81.9
76.1
79.2
83.6
76.6
76.7
77.9
84.9
77.4
77.0
80.0
76.0
77.1
81.7
76.7
76.8
79.9
76.7
77.6
77.2
76.8
83.3
82.2
76.0
76.4
77.3
76.9
84.7
76.4
76.7
77.6
78.4
78.2
76.2
76.5
77.2
79.5
76.9
78.2
80.3
78.1
77.4
77.3
77.6
82.4
81.6
79.2
76.3
76.3
76.4
78.9
77.7
78.5
77.4
79.6
78.4
78.2
76.8
77.3
77.8
76.1
85.9
77.7
76.9
77.8
76.9
77.4
79.1
77.9
76.9
77.9
76.6
80.8
79.2
79.1
78.0
78.5
77.8
78.9
77.3
86.0
77.1
81.4
78.1
76.5
76.3
76.5
76.9
78.1
76.2
76.6
76.7
79.7
77.2
77.1
78.0
78.3
86.0
77.5
77.5
82.2
78.3
78.2
77.2
77.2
77.7
81.0
77.5
77.1
83.1
80.3
82.0
77.7
81.4
79.4
77.3
78.9
76.4
77.2
79.4
77.7
77.4
80.5
79.1
76.7
77.3
77.1
80.4
75.9
79.2
77.0
90.4
77.8
77.1
82.6
78.5
81.5
77.9
79.1
78.9
77.4
79.9
76.9
78.7
76.5
78.2
76.5
76.6
81.1
77.7
80.0
76.1
77.9
79.6
77.7
76.9
78.2
80.0
77.7
81.3
79.7
85.1
79.7
77.7
77.8
81.7
77.0
78.3
82.1
77.2
77.6
79.2
92.5
77.7
77.5
76.7
79.5
88.0
76.0
76.6
76.8
76.6
76.6
76.6
76.5
78.0
85.7
77.7
76.7
76.3
80.9
77.1
78.2
83.6
78.0
81.0
78.5
76.8
83.3
79.5
77.5
76.1
80.7
79.8
76.2
78.3
79.3
77.5
78.2
80.1
80.1
78.5
75.9
78.9
80.0
76.8
77.1
79.7
80.9
77.0
77.8
84.3
76.8
77.3
84.0
84.5
76.3
77.1
77.9
80.9
77.0
77.9
85.3
85.0
77.9
76.9
78.1
78.9
77.6
77.4
77.3
81.2
82.3
76.9
77.4
79.0
83.1
76.9
76.1
76.6
92.1
77.4
77.8
76.4
77.8
78.1
79.1
77.4
78.2
99.5
96.7
76.7
76.7
81.2
79.7
79.4
76.0
77.8
80.9
79.5
76.0
85.5
78.1
83.8
77.2
77.1
83.0
75.9
76.6
77.0
77.7
84.7
78.0
75.9
77.0
81.4
81.8
77.8
77.3
77.7
75.8
77.3
76.9
77.6
82.1
78.8
76.8
79.8
80.9
84.1
84.0
77.4
77.1
83.9
77.7
77.9
76.2
82.3
84.9
77.7
85.6
81.7
76.4
76.5
77.1
77.3
80.0
76.1
76.8
77.4
77.8
80.7
77.7
78.2
76.7
80.5
82.4
76.0
76.8
86.2
76.8
76.7
77.6
78.2
78.7
77.3
79.6
83.4
77.4
78.1
76.3
78.5
77.5
82.3
80.8
81.0
78.0
77.8
78.2
81.6
77.7
81.3
78.0
76.2
78.5
76.7
77.4
76.7
79.8
78.8
77.8
81.8
77.3
84.3
81.8
81.6
77.2
77.2
76.2
77.3
78.1
77.6
76.3
80.8
79.3
77.3
78.7
77.9
76.4
78.1
79.7
84.5
95.2
77.6
77.2
76.0
81.7
79.8
76.8
77.0
78.0
84.9
88.4
78.4
77.5
78.8
77.1
77.8
77.5
77.0
77.2
78.3
75.6
77.9
81.5
76.6
76.0
78.2
80.4
76.6
77.4
78.7
78.3
76.1
97.7
77.2
76.3
77.6
76.7
76.6
89.8
77.2
77.3
76.3
88.6
81.5
76.4
76.1
85.8
81.4
91.3
76.2
79.5
81.9
77.0
78.4
80.3
84.4
76.5
77.8
87.1
76.9
82.4
77.2
75.9
79.8
75.9
78.6
77.3
76.7
81.3
80.0
78.3
81.0
76.9
82.0
78.7
76.7
77.2
79.5
77.3
77.1
77.2
78.9
79.4
77.6
77.2
77.8
80.5
77.7
77.8
77.0
78.4
76.0
77.5
76.8
82.7
76.8
77.0
77.5
77.4
81.2
77.9
76.0
77.6
83.8
81.5
85.4
77.6
76.6
77.4
78.3
78.9
78.1
92.6
79.8
81.8
76.8
76.5
78.7
76.8
80.3
77.1
77.5
78.0
76.5
76.3
77.2
78.1
77.1
78.0
76.1
80.6
76.7
80.7
76.2
76.3
76.4
76.7
76.6
81.8
83.1
81.7
81.6
77.2
77.1
77.8
76.4
78.0
77.7
76.7
76.2
76.8
79.4
83.7
78.1
76.9
77.7
76.9
82.2
76.1
77.2
77.4
75.8
76.8
78.1
76.7
77.8
78.6
79.3
76.9
80.1
78.3
77.1
79.6
78.9
84.2
79.6
76.5
78.6
82.0
78.3
76.9
80.0
76.5
76.7
77.4
78.3
76.9
77.8
76.5
78.7
77.7
77.0
77.7
77.5
78.3
78.3
77.6
81.1
77.3
78.1
80.9
81.9
76.8
77.2
78.3
83.1
77.6
77.2
77.7
76.2
81.1
81.0
78.4
76.3
77.0
82.9
77.7
76.1
76.7
78.6
77.9
76.6
77.2
81.5
78.4
76.9
77.2
77.6
83.5
78.2
76.9
78.1
77.0
79.0
78.0
76.1
81.0
77.2
78.1
78.3
76.3
79.7
79.5
77.4
77.6
77.9
76.6
76.8
80.7
78.2
76.5
86.8
83.3
76.2
81.1
77.9
76.7
77.9
81.5
76.9
76.5
77.0
83.9
79.2
76.7
76.4
78.0
78.5
77.0
77.3
81.3
79.5
78.1
76.7
77.1
76.0
78.5
79.9
79.9
78.3
77.3
76.5
81.8
78.5
76.9
78.2
78.1
76.5
88.1
77.9
81.8
76.3
76.5
77.8
80.5
76.9
77.1
80.6
77.5
84.7
77.2
77.5
80.2
76.8
77.8
78.6
78.2
77.8
77.4
76.1
79.4
79.0
77.4
78.3
76.9
81.2
78.3
76.4
79.4
79.1
77.1
83.6
78.1
82.4
81.0
77.1
78.3
77.0
79.0
77.4
85.7
83.9
77.1
77.2
77.9
81.3
76.9
77.3
82.2
76.6
75.7
76.7
83.6
80.4
78.0
76.3
77.0
78.5
78.2
78.1
76.6
78.3
80.0
78.2
77.7
80.4
82.4
84.2
80.8
77.6
77.0
81.1
76.7
76.9
76.6
78.4
76.9
77.8
75.9
76.7
85.0
76.1
76.8
79.7
86.0
77.1
78.7
76.2
78.7
79.7
81.3
78.1
80.3
81.5
81.3
76.1
80.5
78.5
78.1
82.4
81.4
76.2
76.9
77.4
79.5
78.0
81.2
76.6
77.1
79.2
77.3
78.1
76.6
76.0
79.5
78.1
79.4
80.0
79.8
79.1
78.0
77.1
83.2
85.6
77.7
77.3
75.8
77.7
89.0
78.0
78.1
77.1
81.7
77.9
78.9
77.0
77.2
81.5
78.3
78.3
77.1
77.8
82.6
81.3
76.9
77.6
78.1
79.0
78.8
81.6
79.9
79.3
77.3
82.9
77.4
76.9
87.5
77.5
83.9
78.7
76.9
76.3
76.7
80.1
77.4
77.8
76.5
78.2
77.9
77.9
79.0
78.0
78.1
82.2
76.9
78.2
78.1
78.6
82.7
85.6
78.3
78.1
86.1
79.9
76.0
77.0
80.1
76.0
77.0
83.3
81.8
76.8
77.7
79.6
82.4
80.4
76.7
78.4
84.0
77.7
78.4
77.5
79.0
83.7
76.6
80.6
82.9
78.1
80.3
76.0
77.0
77.3
78.0
76.1
76.7
80.1
80.2
77.6
78.1
79.2
76.4
77.3
81.6
78.8
78.6
76.7
76.6
81.3
78.7
77.9
76.6
76.4
76.8
80.3
91.7
76.5
79.5
83.2
80.0
76.3
79.5
83.9
80.8
76.4
80.4
77.1
81.4
78.2
76.3
76.6
78.8
77.8
76.5
77.2
77.6
79.1
77.8
76.6
76.7
78.8
81.4
76.8
77.9
80.5
78.2
77.0
85.9
82.9
77.4
77.9
75.9
76.9
77.4
79.3
78.5
78.5
78.0
78.1
77.2
80.9
76.1
85.2
79.9
79.1
76.7
76.0
77.1
79.0
79.4
80.1
76.5
78.3
90.0
77.7
76.2
83.2
77.6
77.1
77.6
78.5
78.8
81.0
80.7
77.9
79.4
77.4
77.2
75.3
78.2
79.4
79.4
77.8
75.6
80.4
75.7
79.8
79.5
76.9
83.0
76.5
78.8
77.3
83.3
79.7
76.4
78.6
86.6
78.8
77.9
80.9
78.3
78.4
76.8
79.0
80.9
79.6
76.2
77.2
78.0
77.1
77.0
78.0
77.7
80.4
78.6
76.6
76.9
77.3
80.0
78.2
77.9
79.1
85.6
77.6
78.0
76.0
84.0
77.3
77.7
77.6
78.3
75.9
76.7
78.2
76.1
80.4
76.6
78.6
77.1
76.8
81.0
77.3
77.2
81.2
81.4
76.7
76.8
80.0
79.7
78.3
86.0
79.1
77.1
80.1
76.7
77.9
80.8
83.2
76.2
78.5
76.7
78.4
77.7
76.6
96.3
76.0
78.2
86.6
76.0
77.6
76.5
77.7
78.0
78.5
79.2
84.4
77.7
81.5
79.0
78.8
78.6
77.8
77.6
78.7
76.3
81.9
80.3
79.3
78.4
81.0
79.5
80.1
81.3
79.5
79.5
76.8
80.1
79.4
77.4
77.6
76.5
79.8
78.7
77.5
80.7
80.4
77.0
78.6
78.2
79.2
76.7
77.6
78.2
77.7
77.5
80.3
76.1
77.5
77.3
78.3
77.8
77.0
85.1
77.8
84.8
76.3
78.8
77.5
77.3
79.5
79.7
76.3
79.5
81.5
78.3
77.1
78.8
76.3
77.8
77.7
80.0
95.1
76.9
80.6
77.7
80.9
79.4
79.9
77.6
80.2
78.1
77.4
77.1
78.9
79.6
77.5
76.1
78.2
77.9
78.2
81.9
77.1
76.7
77.3
79.2
76.6
84.1
85.1
76.7
81.2
78.9
77.3
78.3
76.4
77.7
77.0
79.7
76.0
78.0
80.5
80.2
77.3
76.8
76.4
79.6
78.0
78.2
79.1
77.8
77.2
76.8
83.7
80.1
76.1
76.7
77.2
77.6
77.8
77.0
76.4
76.7
76.2
76.4
77.7
78.2
79.1
77.2
77.2
76.1
83.5
79.8
76.5
76.3
76.4
76.9
75.8
77.1
77.4
81.6
77.6
80.8
76.8
76.7
77.5
78.0
89.1
77.9
81.0
77.2
78.5
77.3
75.9
80.8
77.7
76.9
80.7
78.2
76.4
81.5
77.0
79.5
76.2
79.3
81.9
76.3
85.6
80.2
79.4
77.8
78.8
76.5
76.7
77.4
76.9
78.0
78.8
79.4
77.9
76.1
79.8
79.7
76.4
86.7
77.8
81.0
85.2
77.6
76.7
75.9
76.9
77.9
77.3
76.9
79.6
78.1
76.0
80.6
80.4
77.7
76.2
81.1
80.3
76.1
80.6
76.7
78.7
76.9
77.5
78.4
76.3
76.1
76.5
79.2
77.3
78.2
76.4
80.0
77.8
77.4
77.7
78.3
78.1
77.4
78.7
84.8
77.3
76.7
81.6
81.1
78.5
79.8
79.8
77.7
77.4
77.5
78.4
76.1
76.6
76.7
76.8
77.7
76.4
76.7
77.3
78.1
76.4
76.5
77.3
76.8
77.7
76.5
77.4
76.7
77.3
77.4
77.7
76.8
77.5
77.6
76.5
75.9
76.8
77.8
76.8
77.4
77.6
77.8
76.8
77.4
78.2
76.6
76.6
77.6
77.0
75.9
77.2
77.6
79.4
